
002825	178.88	-3.5	5.19	0.06	0.02	-0.99	16.67	1.7	-13.73	33.356953125	22.89894334611421	1277.7411922578513	868.9013667013303	239942	33.0625
002825	178.88	-3.5	5.21	0.06	0.02	-0.99	29.58	3.35	-24.86	33.3909375	22.912023800538286	1277.9834270295587	868.8756765279402	234643	33.125
002825	178.88	-3.5	5.22	0.06	0.02	-0.99	39.91	4.67	-33.76	33.4165234375	22.903196175541517	1277.5636435898653	868.9201969900267	232654	33.125
002825	178.88	-3.5	5.24	0.06	0.02	-0.99	48.17	5.72	-40.88	33.4380078125	22.910058379951074	1277.7198080467917	868.9036346302594	231509	33.125
002825	178.88	-3.5	5.25	0.06	0.02	-0.99	54.78	6.57	-46.57	33.453046875	22.916461099538402	1277.5760930641711	868.918876624684	230214	33.0625
002825	178.88	-3.5	5.27	0.06	0.02	-0.99	60.07	7.24	-51.13	33.459296875	22.911579396487316	1277.5542874672758	868.9211892819918	229893	33.0625
002825	178.87	-3.49	5.29	0.06	0.02	-0.99	64.3	7.78	-54.78	33.4661328125	22.912067857890996	1277.7838960562774	868.8968377115602	229253	33.125
002826	178.87	-3.5	5.31	0.06	0.02	-0.98	67.69	8.21	-57.69	33.476875	22.918164115786197	1277.6349021209096	868.912639480446	228299	33.125
002826	178.87	-3.5	5.33	0.06	0.02	-0.99	70.39	8.56	-60.03	33.475703125	22.902095197589816	1277.7809286467798	868.8971524222269	227826	33.0625
002826	178.87	-3.5	5.35	0.06	0.02	-0.99	72.56	8.84	-61.89	33.476875	22.902178910077804	1277.3104772576403	868.9470476369111	227826	33.0625
002826	178.87	-3.5	5.36	0.06	0.02	-0.99	74.29	9.06	-63.39	33.4813671875	22.902499816096178	1277.313055087888	868.9467742306247	226728	33.0625
002826	178.86	-3.5	5.38	0.06	0.02	-0.99	75.68	9.23	-64.58	33.4887890625	22.908358398136624	1277.5345424081106	868.9232834071533	226728	33.0625
002826	178.86	-3.5	5.4	0.06	0.02	-0.99	76.79	9.38	-65.54	33.491328125	22.897883251748627	1277.6939878072262	868.906373034061	226416	33.0625
002826	178.86	-3.49	5.42	0.06	0.02	-0.99	77.68	9.49	-66.3	33.4926953125	22.892652919102936	1277.675025383896	868.9083841264412	225795	33.0625
002826	178.86	-3.5	5.43	0.06	0.02	-0.99	78.39	9.58	-66.91	33.5001171875	22.88785509338054	1277.7018635063937	868.9055377643646	225332	33.125
002827	178.86	-3.5	5.45	0.06	0.02	-0.99	78.95	9.65	-67.4	33.4981640625	22.89837155637371	1277.7938413036989	868.8957829621396	224870	33.125
002827	178.86	-3.5	5.47	0.06	0.02	-0.99	79.41	9.71	-67.79	33.501484375	22.887952719993113	1277.6180127777343	868.9144307190259	224717	33.125
002827	178.85	-3.5	5.49	0.06	0.02	-0.99	80.2	10.18	-67.97	33.49953125	22.887813253769934	1277.7748790575517	868.8977940158823	223953	33.125
002827	178.85	-3.5	5.52	0.06	0.02	-0.99	80.83	10.56	-68.11	33.5032421875	22.888078241681324	1277.658521304656	868.9101344979838	223953	33.125
002827	178.85	-3.5	5.55	0.06	0.02	-0.99	81.34	10.86	-68.22	33.5063671875	22.888301396231927	1277.7449575603937	868.9009673680125	223800	33.0625
002827	178.85	-3.5	5.58	0.06	0.02	-0.99	81.74	11.11	-68.31	33.50890625	22.88848271390612	1277.5150752939242	868.9253480579756	223345	33.0625
002827	178.85	-3.5	5.61	0.06	0.02	-0.99	82.07	11.3	-68.38	33.507734375	22.872416320757335	1277.7908852628302	868.8960964667904	223345	33.125
002827	178.85	-3.5	5.64	0.06	0.02	-0.99	82.33	11.45	-68.44	33.50578125	22.8722769316132	1277.9477546460087	868.8794597187593	223043	33.125
002827	178.85	-3.5	5.68	0.06	0.02	-0.99	82.53	11.58	-68.49	33.5159375	22.867674520335193	1277.4824449316943	868.9288087906237	222590	33.125
002828	178.85	-3.5	5.72	0.06	0.02	-0.99	82.7	11.68	-68.52	33.510859375	22.861985185964457	1277.8124337227152	868.8938111343211	222892	33.125
002828	178.85	-3.5	5.75	0.06	0.02	-0.99	82.83	11.76	-68.55	33.50890625	22.86717279582203	1277.5799638915776	868.9184660931144	222590	33.0625
002828	178.85	-3.5	5.79	0.06	0.02	-0.99	82.94	11.82	-68.58	33.5145703125	22.862249931938525	1277.5662959734523	868.9199156836058	221841	33.0625
002828	178.85	-3.5	5.82	0.06	0.02	-0.99	83.02	11.87	-68.6	33.5071484375	22.86172044879482	1277.604343733213	868.9158804235296	221841	33.0625
002828	178.85	-3.5	5.86	0.06	0.02	-0.99	83.09	11.91	-68.61	33.51203125	22.856742010703275	1277.7961806096075	868.8955348657425	221542	33.125
002828	178.84	-3.5	5.88	0.06	0.02	-0.99	82.86	11.52	-68.35	33.5051953125	22.856254437724793	1277.5665439452125	868.9198893842281	221393	33.125
002828	178.84	-3.5	5.91	0.06	0.02	-0.99	82.53	11.06	-68.41	33.501484375	22.850663355559767	1277.7477901771556	868.9006669518126	221245	33.0625
002828	178.83	-3.5	5.92	0.06	0.02	-0.99	82.27	10.69	-68.47	33.503828125	22.850830480555082	1277.5206179952659	868.9247602075808	220652	33.0625
002829	178.84	-3.5	5.93	0.06	0.02	-0.98	82.2	10.26	-68.23	33.5032421875	22.861441787601855	1277.7234102277168	868.9032525961742	220652	33.125
002829	178.83	-3.5	5.93	0.06	0.02	-0.99	82.15	10.05	-68.05	33.50265625	22.845420701725956	1277.796426188585	868.8955088207304	220652	33.125
002829	178.83	-3.5	5.94	0.06	0.02	-0.99	82.11	9.89	-67.9	33.5032421875	22.850788698977116	1277.8531892746007	868.889488797608	220356	33.0625
002829	178.83	-3.5	5.94	0.06	0.02	-0.99	81.79	9.62	-67.91	33.500703125	22.85060764800819	1277.6937368337756	868.9063996514565	220209	33.0625
002829	178.83	-3.5	5.93	0.06	0.02	-0.99	81.53	9.4	-67.93	33.4981640625	22.845100450353243	1277.7938413036989	868.8957829621396	219915	33.0625
002829	178.84	-3.49	5.93	0.06	0.02	-0.99	81.61	9.79	-68.08	33.49640625	22.839649226058647	1277.8831106035918	868.8863154972568	220209	33.0625
002829	178.83	-3.48	5.92	0.06	0.02	-0.99	81.82	9.54	-67.78	33.4926953125	22.83938473823677	1277.6101378009178	868.9152659190335	219768	33.0625
002829	178.83	-3.48	5.92	0.06	0.02	-0.98	81.99	9.33	-67.55	33.4950390625	22.844877674395185	1277.3180843622054	868.9462408228491	219329	33.0625
002829	178.84	-3.48	5.91	0.06	0.02	-0.99	82.12	9.31	-67.77	33.485078125	22.83351633510781	1277.9104496496088	868.883416068596	219622	33.0625
002830	178.83	-3.48	5.9	0.06	0.02	-0.99	82.08	9.16	-67.68	33.488203125	22.844390373743927	1277.6075559344654	868.9155397453626	219329	33.0625
002830	178.83	-3.48	5.89	0.06	0.02	-0.99	82.05	9.03	-67.6	33.48625	22.849577128670077	1277.5048722907418	868.9264301736703	218746	33.0625
002830	178.82	-3.48	5.88	0.06	0.02	-0.99	82.17	8.93	-67.68	33.4856640625	22.838883627545908	1277.5129991212452	868.925568253745	219183	33.0625
002830	178.82	-3.48	5.87	0.06	0.02	-0.99	82.27	8.85	-67.74	33.48703125	22.828330150681275	1277.6886966468173	868.9069341967884	218601	33.0625
002830	178.84	-3.43	5.87	0.05	0.02	-0.92	82.2	8.78	-67.79	33.478828125	22.838396466881303	1277.6078124775936	868.9155125370339	218167	33.0
002830	178.84	-3.43	5.87	0.06	0.02	-0.98	82.15	8.87	-68.1	33.4743359375	22.838076348988416	1277.5403476534511	868.9226677129379	218167	33.0
002830	178.84	-3.43	5.87	0.06	0.02	-0.98	82.11	8.94	-68.35	33.469453125	22.827078006097427	1277.4783029245068	868.929248087174	218311	33.0625
002830	178.84	-3.44	5.86	0.06	0.02	-0.99	82.5	9.14	-68.28	33.462421875	22.831902196673443	1277.5109431329072	868.9257863088382	218167	33.0625
002831	178.82	-3.45	5.86	0.06	0.02	-0.99	82.25	8.88	-68.5	33.453046875	22.825909515894466	1277.5112100071235	868.9257580045498	218311	33.0
002831	178.82	-3.45	5.85	0.06	0.02	-0.99	82.04	8.66	-68.67	33.4505078125	22.831053514071098	1277.80596214434	868.8944974802246	217303	33.0
002831	178.82	-3.44	5.82	0.06	0.02	-0.99	82.02	8.64	-68.53	33.4485546875	22.82558960213455	1277.5086356033557	868.9260310420744	217590	33.0625
002831	178.81	-3.45	5.82	0.06	0.02	-0.99	82.0	8.61	-68.56	33.4442578125	22.83060833979472	1277.3735898291043	868.9403538981728	217447	33.0625
002831	178.81	-3.45	5.81	0.06	0.02	-0.99	81.99	8.59	-68.58	33.44484375	22.830650073822806	1277.3654625942602	868.9412158728578	217017	33.0625
002831	178.82	-3.46	5.79	0.06	0.02	-0.99	81.98	8.58	-68.33	33.4493359375	22.82564523838413	1277.6275649822182	868.9134176373909	217160	33.0
002831	178.82	-3.46	5.78	0.06	0.02	-0.99	81.97	8.57	-68.12	33.453046875	22.825909515894466	1277.4463273502427	868.9326393860997	216589	33.0
002831	178.82	-3.46	5.76	0.06	0.02	-0.99	81.96	8.99	-67.82	33.4493359375	22.804348156941835	1277.6275649822182	868.9134176373909	216589	33.0625
002832	178.82	-3.45	5.75	0.06	0.02	-0.99	81.82	9.03	-67.99	33.449921875	22.8203623670312	1277.5545548094642	868.9211609281925	216589	33.0625
002832	178.82	-3.45	5.75	0.06	0.02	-0.99	81.7	9.07	-68.13	33.4524609375	22.82586778728164	1277.7139874962456	868.9042519367702	216304	33.0
002832	178.83	-3.44	5.75	0.06	0.02	-0.98	81.6	9.39	-68.37	33.4524609375	22.820543151710684	1277.7788717461065	868.8973705683047	216020	33.0
002832	178.83	-3.44	5.76	0.06	0.02	-0.99	81.67	9.22	-68.29	33.4493359375	22.814996271064324	1277.4329171586783	868.9340616614239	216304	33.0625
002832	178.83	-3.45	5.76	0.06	0.02	-0.99	81.72	9.08	-68.23	33.455	22.82072394050785	1277.4192368882057	868.9355125830657	216020	33.0625
002832	178.84	-3.46	5.76	0.06	0.02	-0.99	81.77	8.82	-67.91	33.458125	22.80497358240215	1277.505658101454	868.926346831689	215737	33.0
002832	178.84	-3.46	5.75	0.06	0.02	-0.98	81.8	8.62	-67.65	33.4618359375	22.815886141977487	1277.5839541593652	868.9180428941206	214893	33.0
002832	178.84	-3.46	5.73	0.06	0.02	-0.99	81.83	8.74	-67.72	33.4630078125	22.81064521074644	1277.6325844627704	868.9128852848947	215455	33.0
002833	178.86	-3.47	5.72	0.06	0.02	-0.99	81.85	8.84	-67.5	33.4598828125	22.78912764364978	1277.9354700841939	868.88076254596	215455	33.0
002833	178.85	-3.46	5.72	0.06	0.02	-0.99	81.87	8.92	-67.32	33.4649609375	22.810784235258794	1277.5406099706718	868.9226398920385	214613	33.0
002833	178.85	-3.46	5.71	0.06	0.02	-0.98	82.17	8.7	-67.73	33.4649609375	22.794812344921628	1277.6054943857023	868.9157583881434	215033	33.0
002833	178.85	-3.46	5.7	0.06	0.02	-0.99	82.41	8.52	-68.05	33.4661328125	22.7948957098694	1277.7190104251642	868.9037192230994	214473	33.0
002833	178.85	-3.45	5.68	0.06	0.02	-0.99	82.45	8.81	-68.18	33.462421875	22.79995543724236	1277.6407114956755	868.9120233543822	214753	33.0
002833	178.85	-3.45	5.69	0.06	0.02	-0.99	82.49	8.89	-68.28	33.4630078125	22.77870351949718	1277.762354441803	868.8991223244789	214753	33.0
002833	178.85	-3.46	5.69	0.06	0.02	-0.99	82.52	8.96	-68.36	33.464375	22.794770662776333	1277.6785062110325	868.9080149610575	214055	33.0
002833	178.84	-3.47	5.69	0.06	0.02	-0.98	82.41	8.87	-68.14	33.462421875	22.77866186354704	1277.8353670413087	868.8913789353294	214055	33.0
002834	178.84	-3.46	5.68	0.06	0.02	-0.99	82.46	8.94	-68.11	33.4637890625	22.768113514420723	1277.62174842592	868.91403452591	214055	33.0
002834	178.84	-3.46	5.68	0.06	0.02	-0.99	82.49	9.0	-68.09	33.4675	22.768377234845648	1277.6351622093061	868.9126118961894	213638	33.0
002834	178.84	-3.45	5.66	0.06	0.02	-0.99	82.24	8.91	-67.79	33.468671875	22.779106204969263	1277.8135652357826	868.8936911312827	213777	33.0
002834	178.85	-3.45	5.67	0.06	0.02	-0.99	82.47	8.83	-67.69	33.4700390625	22.763235136245115	1277.6648305850322	868.9094653549054	213223	33.0
002834	178.84	-3.45	5.66	0.06	0.02	-0.99	82.64	8.77	-67.61	33.4762890625	22.779647779756147	1277.6430290236922	868.9117775639315	212947	33.0
002834	178.84	-3.44	5.66	0.06	0.02	-0.99	82.22	8.86	-67.83	33.474921875	22.76358208733449	1277.7268779618764	868.9028848211478	213500	33.0
002834	178.83	-3.44	5.65	0.06	0.02	-0.99	82.02	8.93	-67.86	33.478828125	22.763859659145794	1277.5429266787319	868.9223941861195	213361	33.0
002834	178.83	-3.45	5.65	0.06	0.02	-0.99	81.86	8.99	-67.88	33.483125	22.758842479105066	1277.4184441279021	868.9355966628293	213223	32.9375
002834	178.82	-3.44	5.65	0.06	0.02	-0.99	81.88	9.04	-67.9	33.474921875	22.752937497823698	1277.7917645095574	868.8960032177525	213085	32.9375
002835	178.82	-3.44	5.65	0.06	0.02	-0.99	81.89	9.08	-67.92	33.47375	22.75285426213612	1277.7431317865912	868.9011610024501	212672	32.9375
002835	178.81	-3.43	5.65	0.06	0.02	-0.99	81.9	9.25	-67.93	33.4675	22.736445391299036	1277.764933107461	868.8988488418016	212810	32.9375
002835	178.81	-3.42	5.65	0.06	0.02	-0.99	81.91	8.96	-67.67	33.458125	22.73577998211447	1277.830079724994	868.8919396825296	213223	33.0
002835	178.82	-3.42	5.64	0.06	0.02	-0.99	81.91	8.73	-67.46	33.4505078125	22.735239378359523	1277.6761940964223	868.9082601765178	212810	33.0
002835	178.82	-3.41	5.63	0.06	0.02	-0.99	81.92	8.69	-67.56	33.443671875	22.724112701570455	1277.9007789333104	868.8844416906134	212398	32.9375
002835	178.82	-3.41	5.62	0.06	0.02	-0.99	81.92	8.66	-67.65	33.4411328125	22.729253225228643	1277.8711126541546	868.8875879361735	212125	32.9375
002835	178.83	-3.41	5.62	0.06	0.02	-0.98	82.21	8.91	-67.99	33.43234375	22.71798888114281	1277.6037257665637	868.9159459635655	212535	32.9375
002835	178.83	-3.4	5.59	0.06	0.02	-0.99	81.59	8.98	-68.26	33.4309765625	22.723212200492096	1277.6875710932002	868.9070535692678	212125	32.9375
002836	178.83	-3.4	5.59	0.06	0.02	-0.99	81.09	9.03	-68.48	33.4317578125	22.707307403977403	1277.7416166406672	868.9013216929349	211988	32.875
002836	178.82	-3.41	5.59	0.06	0.02	-0.99	81.26	9.21	-68.25	33.43546875	22.718210490878533	1277.6252617421085	868.9136619128798	211988	32.875
002836	178.82	-3.41	5.6	0.06	0.02	-0.99	81.25	9.07	-68.06	33.433515625	22.702112338579873	1277.7172347303524	868.9039075468373	211988	32.875
002836	178.82	-3.41	5.6	0.06	0.02	-0.99	81.24	8.96	-67.9	33.4329296875	22.707390472510923	1277.7253620292709	868.9030455953231	212125	32.9375
002836	178.83	-3.41	5.6	0.06	0.02	-0.99	81.38	9.02	-67.78	33.4266796875	22.70162788093036	1277.6822900822615	868.9076136559312	211988	32.9375
002836	178.83	-3.41	5.6	0.06	0.02	-0.99	81.49	9.06	-67.69	33.4247265625	22.70680901112494	1277.5147392773147	868.9253836953918	211308	32.9375
002836	178.82	-3.4	5.6	0.06	0.02	-0.99	81.16	8.81	-67.88	33.4204296875	22.701184974235876	1277.7041012051945	868.9053004418075	211444	32.9375
002836	178.81	-3.39	5.6	0.06	0.02	-0.99	81.03	8.75	-67.77	33.414765625	22.69546442789396	1277.7177859327687	868.9038490883089	211579	32.9375
002836	178.8	-3.39	5.6	0.06	0.02	-0.99	80.92	8.71	-67.67	33.4128125	22.69532605997577	1277.9395203058705	868.8803330034826	211444	32.9375
002837	178.79	-3.4	5.59	0.06	0.02	-0.99	81.41	9.1	-67.6	33.4102734375	22.689827280069853	1277.6503369032866	868.9110025113105	211172	32.875
002837	178.78	-3.39	5.61	0.06	0.02	-0.98	81.37	9.26	-67.81	33.4065625	22.68956444745276	1277.6369320595484	868.9124241907831	211579	32.875
002837	178.78	-3.4	5.61	0.06	0.02	-0.99	81.34	9.4	-67.98	33.4096875	22.689785779600705	1277.4638277794081	868.9307833059373	211172	32.875
002837	178.79	-3.39	5.62	0.06	0.02	-0.99	81.32	9.65	-68.26	33.408515625	22.684384112847063	1277.739599157794	868.9015356593602	211172	32.875
002837	178.79	-3.39	5.63	0.06	0.02	-0.99	81.3	9.85	-68.48	33.4173046875	22.685006508950938	1277.6176867454944	868.9144652971626	210632	32.875
002837	178.79	-3.39	5.63	0.06	0.02	-0.98	81.57	9.59	-68.11	33.4102734375	22.67919010951578	1277.909858067275	868.8834788084772	211308	32.8125
002837	178.79	-3.39	5.63	0.06	0.02	-0.98	81.79	9.51	-68.22	33.4141796875	22.679466671726573	1277.4015166957836	868.9373919794295	210767	32.8125
002837	178.79	-3.39	5.63	0.06	0.02	-0.99	81.96	9.46	-68.31	33.4173046875	22.66905140745595	1277.5528069618056	868.9213463015748	210767	32.875
002838	178.79	-3.39	5.64	0.06	0.02	-0.99	82.1	9.7	-68.38	33.4133984375	22.679411358508418	1277.6718699144421	868.9087187855403	210902	32.875
002838	178.79	-3.4	5.67	0.06	0.02	-0.99	82.21	9.46	-68.44	33.4102734375	22.67919010951578	1277.4557002317065	868.9316453061158	210498	32.8125
002838	178.79	-3.4	5.66	0.06	0.02	-0.99	82.3	9.27	-68.49	33.4096875	22.689785779600705	1277.528706262067	868.923902379	209827	32.8125
002838	178.79	-3.41	5.68	0.06	0.02	-0.99	82.37	9.41	-68.52	33.4059765625	22.70016084768318	1277.6450596203463	868.9115622046542	210229	32.875
002838	178.77	-3.41	5.67	0.06	0.02	-0.99	82.42	9.37	-68.14	33.3997265625	22.68908030503144	1277.5371188299878	868.9230101562905	210363	32.875
002838	178.77	-3.41	5.67	0.06	0.02	-0.99	82.47	9.34	-67.84	33.4020703125	22.6839277202538	1277.504608328352	868.9264581691523	209961	32.875
002838	178.78	-3.42	5.67	0.06	0.02	-0.98	82.51	9.32	-67.73	33.4028515625	22.694620421336033	1277.623527895077	868.9138458000978	209827	32.875
002838	178.78	-3.42	5.67	0.06	0.02	-0.99	82.53	9.3	-67.64	33.4051953125	22.700105493277082	1277.785655222345	868.8966511420301	210095	32.875
002839	178.79	-3.41	5.67	0.06	0.02	-0.99	82.7	9.43	-67.71	33.408515625	22.705660058581742	1277.869359693328	868.8877738460325	209693	32.875
002839	178.78	-3.42	5.67	0.06	0.02	-0.99	82.69	9.11	-67.77	33.4128125	22.70596458393265	1277.744877531567	868.9009758555566	209560	32.875
002839	178.78	-3.43	5.66	0.06	0.02	-0.99	82.68	8.85	-67.81	33.4190625	22.70108809170892	1277.5284245780163	868.9239322539458	209161	32.875
002839	178.77	-3.43	5.67	0.06	0.02	-0.99	82.39	9.21	-67.98	33.4165234375	22.711547228243695	1277.9529282322649	868.8789110395971	209294	32.875
002839	178.77	-3.43	5.67	0.06	0.02	-0.98	82.58	9.36	-68.26	33.4128125	22.70596458393265	1277.9395203058705	868.8803330034826	208895	32.875
002839	178.77	-3.43	5.67	0.06	0.02	-0.99	82.74	9.47	-68.48	33.4141796875	22.711381082568792	1277.6610332646042	868.9098680871052	208631	32.875
002839	178.78	-3.43	5.67	0.06	0.02	-0.99	82.44	9.42	-68.24	33.4190625	22.717047109109995	1277.5284245780163	868.9239322539458	208895	32.875
002839	178.77	-3.44	5.68	0.06	0.02	-0.99	82.19	9.24	-68.47	33.417890625	22.72760439448723	1277.5446794960294	868.9222082854851	208763	32.875
002840	178.78	-3.44	5.68	0.06	0.02	-0.99	82.0	9.1	-68.64	33.42296875	22.727964613854432	1277.7986449425055	868.8952735096002	208235	32.875
002840	178.78	-3.44	5.67	0.06	0.02	-0.99	81.42	9.27	-68.51	33.421015625	22.727826066000713	1277.631093153717	868.9130434490613	208499	32.875
002840	178.78	-3.44	5.67	0.06	0.02	-0.99	80.95	9.4	-68.41	33.4204296875	22.72778450211827	1277.4445811049795	868.9328245915164	208499	32.875
002840	178.78	-3.44	5.67	0.06	0.02	-0.99	81.15	9.37	-68.19	33.4159375	22.727465852949127	1277.5717710661788	868.9193350066147	208103	32.875
002840	178.8	-3.45	5.69	0.06	0.02	-0.98	81.45	9.48	-68.15	33.4091015625	22.73230135812254	1277.471955331613	868.9299213059727	208235	32.8125
002840	178.79	-3.45	5.69	0.06	0.02	-0.99	81.69	9.58	-68.11	33.4133984375	22.72728575258116	1277.606990182371	868.9155997476312	207841	32.8125
002840	178.8	-3.45	5.69	0.06	0.02	-0.99	81.6	9.51	-67.81	33.408515625	22.737580376449777	1277.6747194902355	868.9084165685497	208235	32.875
002840	178.79	-3.46	5.7	0.06	0.02	-0.99	81.66	9.31	-68.12	33.4020703125	22.73712305039033	1277.7641226566552	868.8989347948747	208103	32.875
002840	178.79	-3.46	5.69	0.06	0.02	-0.99	81.72	9.15	-68.37	33.401484375	22.721120663262454	1277.5776139211464	868.9187153258692	207710	32.8125
002841	178.8	-3.47	5.67	0.06	0.02	-0.99	81.91	8.88	-68.16	33.401484375	22.742402174341994	1277.6424922954116	868.9118344878063	208103	32.8125
002841	178.8	-3.47	5.67	0.06	0.02	-0.99	82.05	8.67	-67.98	33.4059765625	22.742720977328585	1277.6450596203463	868.9115622046542	207579	32.8125
002841	178.8	-3.48	5.66	0.06	0.02	-0.98	82.03	8.78	-68.12	33.4051953125	22.75330767528622	1277.9154156701363	868.8828894006481	207710	32.875
002841	178.8	-3.48	5.65	0.06	0.02	-0.98	82.15	8.59	-68.09	33.401484375	22.747723085388152	1277.4478583729444	868.9324770070473	207448	32.875
002841	178.8	-3.48	5.63	0.06	0.02	-0.98	82.25	8.43	-68.07	33.4020703125	22.758407155135366	1277.829002239045	868.8920539555147	207448	32.875
002841	178.79	-3.47	5.62	0.06	0.02	-0.99	82.33	8.59	-67.92	33.39640625	22.75268369217666	1277.777810419121	868.8974831281171	207187	32.875
002841	178.78	-3.48	5.63	0.06	0.02	-0.98	82.25	8.72	-67.93	33.4003125	22.76360386663073	1277.5289911978068	868.9238721591855	207318	32.875
002841	178.78	-3.48	5.62	0.06	0.02	-0.99	82.19	8.82	-67.94	33.4051953125	22.763950671403755	1277.6558963751081	868.9104128901473	206797	32.875
002842	178.77	-3.46	5.63	0.06	0.02	-0.99	82.0	9.33	-67.81	33.4008984375	22.768967238204606	1277.650619903083	868.9109724971802	206537	32.875
002842	178.77	-3.47	5.64	0.06	0.02	-0.99	81.84	9.74	-67.71	33.4008984375	22.75832393990752	1277.7154986697294	868.904091667149	206537	32.875
002842	178.78	-3.47	5.66	0.06	0.02	-0.99	81.86	9.49	-67.63	33.4034375	22.76914761250359	1277.7451583029822	868.9009460780397	206667	32.875
002842	178.78	-3.48	5.66	0.06	0.02	-0.99	81.88	9.3	-67.7	33.401484375	22.774330840276576	1277.5776139211464	868.9187153258692	206408	32.875
002842	178.78	-3.47	5.66	0.06	0.02	-0.99	81.89	9.14	-67.76	33.4071484375	22.774733303490162	1277.7585634021084	868.8995243866879	206021	32.875
002842	178.79	-3.48	5.67	0.06	0.02	-0.99	81.76	9.02	-67.8	33.4008984375	22.76364548240074	1277.7154986697294	868.904091667149	206150	32.875
002842	178.79	-3.48	5.66	0.06	0.02	-0.99	81.65	8.92	-67.84	33.4040234375	22.76918923792575	1277.6721515222914	868.9086889190995	205506	32.875
002842	178.78	-3.47	5.66	0.06	0.02	-0.99	81.28	8.84	-67.87	33.4003125	22.768925613950316	1277.3992364807923	868.9376338183383	205892	32.875
002843	178.79	-3.47	5.65	0.06	0.02	-0.99	81.7	9.06	-68.3	33.3915234375	22.778945156472968	1277.8455408824436	868.8902999477608	206150	32.875
002843	178.79	-3.47	5.66	0.06	0.02	-0.99	82.03	9.24	-68.65	33.4003125	22.77424757458068	1277.5289911978068	868.9238721591855	205506	32.875
002843	178.79	-3.46	5.66	0.06	0.02	-0.99	81.58	9.52	-68.66	33.4020703125	22.774372473453052	1277.699243474393	868.9058156359184	205635	32.875
002843	178.78	-3.47	5.67	0.06	0.02	-0.99	81.8	9.6	-68.38	33.4003125	22.77956974852183	1277.3343597224323	868.9445146504405	205506	32.875
002843	178.78	-3.47	5.68	0.06	0.02	-0.99	81.97	9.67	-68.17	33.4028515625	22.77442798469572	1278.0128066518357	868.8725607182042	205506	32.875
002843	178.79	-3.47	5.68	0.06	0.02	-0.99	82.1	9.58	-68.27	33.4028515625	22.785072619416905	1277.5586495027394	868.9207266529733	205635	32.875
002843	178.79	-3.47	5.69	0.06	0.02	-0.99	82.21	9.51	-68.35	33.4051953125	22.774594520759866	1277.9154156701363	868.8828894006481	205635	32.875
002843	178.8	-3.47	5.69	0.06	0.02	-0.99	82.16	9.32	-68.14	33.404609375	22.779875122573507	1277.6640239464432	868.9095509045165	205506	32.875
002843	178.8	-3.47	5.7	0.06	0.02	-0.99	81.97	9.58	-67.83	33.404609375	22.785197572041486	1277.9235432105047	868.8820274404098	205506	32.875
002844	178.8	-3.48	5.71	0.06	0.02	-0.98	81.82	9.8	-67.59	33.407734375	22.790742422936066	1277.620676951487	868.9141481636824	205250	32.875
002844	178.8	-3.47	5.72	0.06	0.02	-0.99	82.13	9.83	-67.53	33.4091015625	22.78019438985962	1277.471955331613	868.9299213059727	205506	32.8125
002844	178.81	-3.48	5.72	0.06	0.02	-0.99	82.09	9.71	-67.62	33.4102734375	22.78027767909524	1277.7800966849913	868.8972406565262	205250	32.8125
002844	178.8	-3.47	5.72	0.06	0.02	-0.99	82.06	9.61	-67.69	33.4133984375	22.791145154785063	1277.7367500466555	868.9018378251332	205122	32.875
002844	178.79	-3.46	5.73	0.06	0.02	-0.99	82.04	9.39	-67.75	33.4091015625	22.78019438985962	1277.7963517074754	868.8955167198646	204740	32.875
002844	178.8	-3.46	5.73	0.06	0.02	-0.99	82.02	9.22	-67.8	33.410859375	22.76967488403043	1277.7719691805262	868.8981026251771	204740	32.8125
002844	178.8	-3.47	5.73	0.06	0.02	-0.99	81.86	9.36	-67.56	33.4128125	22.78045814211156	1277.744877531567	868.9009758555566	204613	32.8125
002844	178.79	-3.46	5.73	0.06	0.02	-0.99	82.02	9.34	-67.78	33.4102734375	22.769633256053638	1277.6503369032866	868.9110025113105	204740	32.875
002845	178.79	-3.46	5.73	0.06	0.02	-0.99	82.14	9.32	-67.96	33.411640625	22.775052513004745	1277.566493388367	868.9198947461837	204105	32.875
002845	178.79	-3.46	5.75	0.06	0.02	-0.99	81.67	9.58	-68.1	33.4096875	22.780236034367903	1277.6584644277532	868.9101405301766	204613	32.875
002845	178.79	-3.46	5.76	0.06	0.02	-0.99	81.3	9.8	-68.22	33.4059765625	22.76932799091442	1277.7099388542215	868.9046813212894	204232	32.875
002845	178.79	-3.46	5.77	0.06	0.02	-0.99	81.57	10.11	-68.45	33.4065625	22.774691668415556	1277.4422967354335	868.9330668700247	204232	32.875
002845	178.79	-3.46	5.79	0.06	0.02	-0.98	81.5	10.08	-68.22	33.4028515625	22.76910598730041	1277.4288939184128	868.9344883637757	204232	32.875
002845	178.79	-3.46	5.8	0.06	0.02	-0.99	81.45	10.05	-68.03	33.401484375	22.758365547411994	1277.5776139211464	868.9187153258692	203979	32.875
002845	178.78	-3.47	5.8	0.06	0.02	-0.99	81.4	10.03	-68.02	33.4003125	22.76360386663073	1277.7885054332044	868.8963488610856	204105	32.875
002845	178.77	-3.48	5.8	0.06	0.02	-0.99	81.65	9.73	-67.74	33.4028515625	22.76910598730041	1277.4288939184128	868.9344883637757	203727	32.875
002846	178.78	-3.48	5.81	0.06	0.02	-0.99	81.85	9.49	-67.51	33.4091015625	22.753585016918382	1277.6665919567379	868.9092785492564	203475	32.875
002846	178.78	-3.48	5.82	0.06	0.02	-0.99	81.44	9.44	-67.61	33.407734375	22.758809374412934	1277.3611639242927	868.9416717901579	203601	32.875
002846	178.78	-3.48	5.82	0.06	0.02	-0.99	81.11	9.39	-67.68	33.4102734375	22.75898968624586	1277.5205787221123	868.92476437283	203099	32.875
002846	178.77	-3.47	5.82	0.06	0.02	-0.98	81.85	9.36	-67.61	33.4071484375	22.748125138508556	1277.7585634021084	868.8995243866879	203224	32.875
002846	178.77	-3.49	5.82	0.06	0.02	-0.99	82.01	9.34	-67.82	33.4059765625	22.742720977328585	1277.5153023529735	868.925323976435	203349	32.8125
002846	178.77	-3.48	5.82	0.06	0.02	-0.99	82.14	9.32	-67.99	33.408515625	22.742901176008818	1277.6747194902355	868.9084165685497	203099	32.8125
002846	178.77	-3.49	5.82	0.06	0.02	-0.99	81.95	9.58	-68.4	33.4091015625	22.742942760903	1277.731471632038	868.9023976337187	202973	32.8125
002846	178.76	-3.49	5.83	0.06	0.02	-0.99	81.81	9.94	-68.46	33.408515625	22.742901176008818	1277.739599157794	868.9015356593602	203601	32.875
002846	178.76	-3.49	5.85	0.06	0.02	-0.99	81.69	10.22	-68.5	33.4051953125	22.73202424276685	1277.7207755986578	868.9035320152467	203349	32.875
002847	178.76	-3.47	5.86	0.06	0.02	-0.99	81.88	9.88	-68.26	33.4065625	22.737441790000652	1277.5071747766874	868.9261859752603	203349	32.9375
002847	178.76	-3.47	5.86	0.06	0.02	-0.99	82.04	9.61	-68.07	33.4122265625	22.732523057404624	1277.6232451876642	868.913875783299	202723	32.9375
002847	178.76	-3.46	5.87	0.06	0.02	-0.99	82.44	9.54	-68.05	33.4034375	22.721259158539247	1277.5505219023817	868.9215886506593	202973	32.9375
002847	178.75	-3.48	5.88	0.06	0.02	-0.99	82.34	9.62	-67.9	33.4040234375	22.721300707595912	1277.7370307303577	868.9018080568952	202848	32.9375
002847	178.76	-3.48	5.88	0.06	0.02	-0.99	82.26	9.68	-67.78	33.4059765625	22.71079960023777	1277.8396985223744	868.8909195596113	202599	32.9375
002847	178.74	-3.48	5.88	0.06	0.02	-0.98	82.34	9.31	-67.96	33.408515625	22.716299311302286	1277.5449613555163	868.9221783919804	202350	32.9375
002847	178.75	-3.48	5.87	0.06	0.02	-0.99	82.26	9.15	-68.1	33.4059765625	22.705480117305743	1277.9694597911066	868.8771578046685	202474	32.875
002847	178.76	-3.48	5.86	0.06	0.02	-0.98	82.19	9.02	-68.22	33.4102734375	22.70046530385775	1278.0396210501824	868.8697169671633	201854	32.875
002848	178.75	-3.48	5.87	0.06	0.02	-0.99	82.14	9.49	-68.17	33.4133984375	22.69004861959272	1277.7367500466555	868.9018378251332	202101	32.875
002848	178.75	-3.48	5.87	0.06	0.02	-0.99	82.1	9.87	-68.13	33.4133984375	22.69004861959272	1277.5421108504277	868.9224807114061	202101	32.9375
002848	178.75	-3.49	5.88	0.06	0.02	-0.99	82.21	9.88	-68.38	33.404609375	22.6894261180141	1277.4693886997504	868.9301935202765	202474	32.9375
002848	178.75	-3.51	5.88	0.06	0.02	-0.99	81.87	9.61	-68.44	33.404609375	22.67878911153998	1277.599145130758	868.9164317747527	202474	32.9375
002848	178.75	-3.51	5.89	0.06	0.02	-0.99	81.6	9.39	-68.48	33.407734375	22.673692120743986	1277.880196380713	868.8866245641484	201978	32.9375
002848	178.76	-3.51	5.88	0.06	0.02	-0.99	81.38	9.36	-68.38	33.410859375	22.67923159322902	1277.7070890818586	868.9049835580755	201854	32.875
002848	178.78	-3.52	5.86	0.06	0.02	-0.99	81.35	9.19	-68.17	33.4091015625	22.668470859373116	1277.6665919567379	868.9092785492564	201854	32.875
002848	178.78	-3.52	5.86	0.06	0.02	-0.99	81.33	9.06	-67.99	33.408515625	22.66842939328916	1277.6098402228145	868.915297479423	202101	32.9375
002848	178.76	-3.53	5.86	0.06	0.02	-0.99	81.45	9.09	-67.99	33.4034375	22.66275229002199	1277.5505219023817	868.9215886506593	201854	32.9375
002849	178.76	-3.53	5.85	0.06	0.02	-0.99	81.55	9.12	-67.99	33.4028515625	22.65207601208167	1277.753285880115	868.9000840993981	201854	32.875
002849	178.76	-3.52	5.85	0.06	0.02	-0.99	81.34	9.14	-68.13	33.3946484375	22.646178923350174	1277.9319519183261	868.881135661895	201978	32.875
002849	178.77	-3.52	5.85	0.06	0.02	-0.99	81.32	8.88	-68.1	33.3833203125	22.650694853083028	1277.7646943636719	868.8988741619837	201978	32.875
002849	178.77	-3.52	5.84	0.06	0.02	-0.98	81.3	8.66	-68.08	33.385859375	22.645557544908506	1277.7294741091484	868.9026094834778	201854	32.8125
002849	178.78	-3.53	5.84	0.06	0.02	-0.99	81.28	8.92	-68.33	33.382734375	22.645336622173545	1277.5133152221756	868.9255347285501	201607	32.8125
002849	178.78	-3.53	5.84	0.06	0.02	-0.99	81.27	9.12	-68.54	33.376484375	22.623630091001182	1277.6000119728553	868.9163398395534	201237	32.9375
002849	178.77	-3.53	5.85	0.06	0.02	-0.99	81.4	9.43	-68.43	33.3731640625	22.634027402262472	1277.5811942310627	868.9183356060064	201237	32.9375
002849	178.78	-3.53	5.84	0.06	0.02	-0.99	81.37	9.39	-68.34	33.363203125	22.628007724396195	1277.524744802113	868.9243225249919	201360	32.875
002850	178.78	-3.53	5.84	0.06	0.02	-0.99	81.34	9.36	-68.27	33.364375	22.606829061236475	1277.7679883885423	868.8985248113427	201360	32.875
002850	178.78	-3.53	5.86	0.06	0.02	-0.98	81.32	9.19	-68.07	33.3626171875	22.606704993609043	1277.4031254625243	868.9372213541507	201483	32.875
002850	178.77	-3.52	5.84	0.06	0.02	-0.99	81.44	9.2	-68.06	33.3524609375	22.600673541885367	1277.9332573882593	868.8809972114337	201360	32.875
002850	178.77	-3.52	5.84	0.06	0.02	-0.99	81.54	9.21	-68.04	33.350703125	22.61117898524878	1277.8278912917094	868.8921717772671	200991	32.875
002850	178.76	-3.52	5.83	0.06	0.02	-0.99	82.05	9.07	-68.31	33.343671875	22.594739102714023	1277.8605539088448	868.8887077419776	200869	32.875
002850	178.76	-3.52	5.82	0.06	0.02	-0.99	82.45	8.96	-68.52	33.3493359375	22.605767657105456	1277.5873612363957	868.9176815471828	200746	32.875
002850	178.76	-3.52	5.82	0.06	0.02	-0.99	82.21	9.01	-68.27	33.3493359375	22.600453047438478	1277.8468567737962	868.8901603908729	200746	32.875
002850	178.76	-3.51	5.81	0.06	0.02	-0.99	82.01	9.2	-68.08	33.3512890625	22.600590855741974	1277.4953946848316	868.9274353557614	200869	32.875
002851	178.76	-3.51	5.81	0.06	0.02	-0.99	81.85	9.35	-67.92	33.3563671875	22.59032038564353	1277.7493202704636	868.9005046761654	200991	32.8125
002851	178.76	-3.5	5.81	0.06	0.02	-0.99	81.87	9.32	-68.07	33.356953125	22.595676006852553	1277.67631767275	868.9082470704072	200746	32.8125
002851	178.75	-3.5	5.81	0.06	0.02	-0.99	82.03	8.88	-67.92	33.3563671875	22.59563467048804	1277.684445693109	868.9073850388943	201114	32.8125
002851	178.75	-3.49	5.79	0.06	0.02	-0.99	82.15	8.52	-67.79	33.36203125	22.596034264463817	1277.8653760279458	868.8881963328724	200258	32.8125
002851	178.76	-3.49	5.78	0.06	0.02	-0.99	82.25	8.67	-67.83	33.3532421875	22.579472134751775	1277.9872957559508	868.8752662357164	200869	32.8125
002851	178.76	-3.49	5.77	0.06	0.02	-0.99	82.33	8.78	-67.86	33.355	22.584909903048505	1277.4439168549707	868.9328950413651	200746	32.8125
002851	178.77	-3.49	5.76	0.06	0.02	-0.99	81.82	9.01	-68.16	33.351875	22.590003545802112	1277.681886547821	868.9076564534796	200258	32.8125
002851	178.78	-3.48	5.74	0.06	0.02	-0.99	81.85	8.77	-68.13	33.351875	22.579375746187768	1277.6170128299582	868.914536770907	200258	32.8125
002851	178.78	-3.48	5.73	0.06	0.02	-0.99	81.87	8.58	-68.1	33.3493359375	22.57919674199734	1277.7819822893468	868.8970406774251	200258	32.8125
002852	178.77	-3.48	5.72	0.06	0.02	-0.99	82.02	8.85	-67.94	33.339375	22.57849453424321	1277.9850345990865	868.8755060394427	200380	32.8125
002852	178.78	-3.47	5.71	0.06	0.02	-0.99	82.01	8.79	-68.08	33.3348828125	22.572864539129075	1277.7878557420324	868.8964177644925	200258	32.8125
002852	178.78	-3.47	5.7	0.06	0.02	-0.99	81.99	8.73	-68.2	33.33625	22.567647752941873	1277.6391449054593	868.9121895025309	200136	32.875
002852	178.78	-3.48	5.71	0.06	0.02	-0.99	81.98	8.98	-68.3	33.3305859375	22.577874991387397	1278.0420830557553	868.8694558641286	200502	32.875
002852	178.78	-3.48	5.71	0.06	0.02	-0.99	81.97	9.17	-68.37	33.33546875	22.572905833574282	1277.5202391293906	868.9248003895038	200136	32.8125
002852	178.78	-3.47	5.69	0.06	0.02	-0.99	82.11	9.18	-68.29	33.331171875	22.57260301269485	1277.5798463274305	868.9184785617108	200136	32.8125
002852	178.78	-3.47	5.69	0.06	0.02	-0.98	81.93	9.19	-68.23	33.3255078125	22.577517055608954	1277.7232911920353	868.9032652206594	199772	32.875
002852	178.78	-3.48	5.69	0.06	0.02	-0.99	81.79	9.2	-68.18	33.3274609375	22.57234149498713	1277.761068656543	868.8992586896026	199651	32.875
002853	178.77	-3.49	5.68	0.06	0.02	-0.99	82.1	8.92	-68.14	33.3255078125	22.582830466952643	1277.982780669368	868.8757450767575	199772	32.8125
002853	178.78	-3.49	5.69	0.06	0.02	-0.99	82.07	8.98	-68.11	33.3235546875	22.566753266209233	1277.7503855727243	868.9003916944341	199651	32.8125
002853	178.78	-3.49	5.69	0.06	0.02	-0.99	82.04	9.03	-68.09	33.3305859375	22.56193581674151	1277.5879746005046	868.9176164951764	198928	32.8125
002853	178.78	-3.48	5.68	0.06	0.02	-0.99	82.02	9.07	-68.07	33.3255078125	22.561578101547294	1278.0476540388343	868.8688650449906	199289	32.8125
002853	178.78	-3.48	5.68	0.06	0.02	-0.99	82.01	9.11	-68.05	33.3274609375	22.567028482020252	1277.8259408516572	868.8923786316257	199048	32.8125
002853	178.78	-3.49	5.68	0.06	0.02	-0.98	81.99	8.85	-68.04	33.3274609375	22.567028482020252	1277.8259408516572	868.8923786316257	199289	32.875
002853	178.79	-3.49	5.68	0.06	0.02	-0.99	81.98	9.07	-68.16	33.321015625	22.56126167479992	1277.5261255032249	868.9241760900617	198928	32.875
002853	178.79	-3.49	5.68	0.06	0.02	-0.99	81.97	9.24	-68.27	33.324921875	22.55091194200336	1277.9260359856783	868.8817630711346	198808	32.8125
002854	178.79	-3.49	5.69	0.06	0.02	-0.99	81.82	9.24	-68.21	33.31984375	22.571804722822446	1277.8667367285395	868.8880520240227	198928	32.8125
002854	178.79	-3.49	5.69	0.06	0.02	-0.99	81.7	9.24	-68.16	33.3274609375	22.561715682381152	1277.761068656543	868.8992586896026	199168	32.8125
002854	178.79	-3.49	5.7	0.06	0.02	-0.99	81.75	9.24	-68.13	33.3274609375	22.567028482020252	1277.696196861473	868.906138749263	199048	32.8125
002854	178.79	-3.48	5.71	0.06	0.02	-0.99	81.93	9.38	-68.1	33.3274609375	22.551090723086293	1277.8259408516572	868.8923786316257	199289	32.8125
002854	178.79	-3.48	5.72	0.06	0.02	-0.99	82.07	9.49	-68.08	33.334296875	22.556884549031928	1277.79598395557	868.8955557219945	198448	32.8125
002854	178.78	-3.48	5.72	0.06	0.02	-0.99	82.33	9.15	-68.2	33.33625	22.567647752941873	1277.6391449054593	868.9121895025309	198688	32.8125
002854	178.77	-3.48	5.73	0.06	0.02	-0.98	82.54	9.03	-68.29	33.3317578125	22.551393284987817	1277.8312062663504	868.8918202069761	198568	32.8125
002854	178.77	-3.48	5.72	0.06	0.02	-0.99	82.7	8.93	-68.37	33.3286328125	22.551173238809103	1277.8096843083483	868.8941027245377	198568	32.8125
002854	178.76	-3.47	5.72	0.06	0.02	-0.99	82.55	8.56	-68.15	33.3173046875	22.555687849175673	1277.901959588622	868.8843164768696	198928	32.8125
002855	178.76	-3.47	5.71	0.06	0.02	-0.99	82.43	8.27	-67.98	33.311640625	22.5552889898617	1277.6561800364782	868.9103828058686	198448	32.8125
002855	178.77	-3.49	5.7	0.06	0.02	-0.99	82.33	8.46	-67.85	33.2977734375	22.549000614844854	1277.8485544841478	868.8899803401894	198568	32.75
002855	178.78	-3.5	5.68	0.06	0.02	-0.99	82.25	8.76	-68.01	33.2872265625	22.548258210759492	1278.0597387989856	868.8675834217569	198808	32.75
002855	178.78	-3.5	5.68	0.06	0.02	-0.99	82.19	9.0	-68.14	33.2821484375	22.5425892784218	1277.6761082746339	868.9082692785023	198568	32.75
002855	178.79	-3.48	5.67	0.06	0.02	-0.98	82.14	8.9	-68.11	33.2739453125	22.552635030012965	1277.6601777910423	868.9099588160375	198329	32.75
002855	178.79	-3.48	5.67	0.06	0.02	-0.99	82.1	8.82	-68.09	33.270234375	22.552373808024132	1277.9711276145597	868.8769809257832	198808	32.75
002855	178.8	-3.48	5.66	0.06	0.02	-0.99	82.07	8.76	-67.93	33.263984375	22.551933874921975	1277.8632341392208	868.8884234905242	198688	32.75
002855	178.81	-3.49	5.64	0.06	0.02	-0.98	82.18	8.57	-67.94	33.2583203125	22.54622383480567	1277.682351456121	868.9076071468198	198568	32.75
002856	178.81	-3.49	5.63	0.06	0.02	-0.99	82.28	8.42	-67.95	33.2614453125	22.546443741824618	1277.8984592649556	868.8846877017951	198090	32.75
002856	178.81	-3.48	5.62	0.06	0.02	-0.99	82.07	8.58	-68.23	33.270234375	22.547062263480868	1277.9711276145597	868.8769809257832	198329	32.75
002856	178.8	-3.48	5.63	0.06	0.02	-0.99	82.04	8.71	-68.18	33.273359375	22.547282194083785	1277.8629066301755	868.8884582244455	198329	32.8125
002856	178.81	-3.48	5.63	0.06	0.02	-0.99	82.02	8.82	-68.14	33.279609375	22.55303375407952	1277.5167336728846	868.9251721728153	198329	32.8125
002856	178.83	-3.48	5.61	0.06	0.02	-0.98	81.86	9.04	-68.39	33.2852734375	22.532186729626265	1277.762490051813	868.8991079422369	198090	32.8125
002856	178.83	-3.48	5.61	0.06	0.02	-0.99	81.73	9.22	-68.58	33.292890625	22.53803379554229	1277.7216857526187	868.9034354876552	197615	32.8125
002856	178.82	-3.48	5.62	0.06	0.02	-0.99	81.63	9.51	-68.74	33.3003125	22.53855603243972	1277.748461368571	868.9005957679018	198090	32.8125
002856	178.82	-3.47	5.63	0.06	0.02	-0.98	81.84	9.59	-68.86	33.3059765625	22.54426624036473	1277.5401478767108	868.9226889009057	197852	32.8125
002856	178.82	-3.47	5.63	0.06	0.02	-0.98	82.0	9.66	-68.96	33.308515625	22.54975683957146	1277.7644017488094	868.8989051955101	197733	32.8125
002857	178.8	-3.48	5.65	0.06	0.02	-0.99	81.7	9.72	-68.9	33.315546875	22.534316541153142	1277.861473057571	868.8886102617809	197615	32.8125
002857	178.8	-3.48	5.66	0.06	0.02	-0.99	81.46	9.76	-68.86	33.32296875	22.55077442087127	1277.9531303039807	868.8788896091027	197378	32.8125
002857	178.79	-3.48	5.67	0.06	0.02	-0.99	81.42	9.52	-69.09	33.321015625	22.545324835826086	1277.785608342554	868.8966561138973	197496	32.875
002857	178.79	-3.47	5.66	0.06	0.02	-0.99	81.66	9.18	-69.01	33.3235546875	22.56144052312989	1277.6855142293014	868.907271713458	197141	32.875
002857	178.79	-3.47	5.66	0.06	0.02	-0.99	81.86	8.9	-68.94	33.3274609375	22.535154884102344	1277.696196861473	868.906138749263	197024	32.875
002857	178.81	-3.48	5.65	0.06	0.02	-0.99	81.88	8.97	-68.75	33.3317578125	22.540769054561288	1278.0258266225087	868.8711799085396	197141	32.875
002857	178.81	-3.46	5.65	0.06	0.02	-0.99	82.03	8.74	-68.32	33.333125	22.55680201213659	1277.9419869363426	868.8800714073755	197141	32.875
002857	178.81	-3.46	5.64	0.06	0.02	-0.99	82.15	8.55	-67.98	33.3387890625	22.557200948520936	1277.6687950222556	868.90904489897	196906	32.875
002858	178.81	-3.47	5.62	0.06	0.02	-0.99	82.11	8.26	-68.26	33.3399609375	22.557283489619827	1277.912032095046	868.8832482433872	196906	32.8125
002858	178.79	-3.48	5.59	0.06	0.02	-0.99	82.5	8.46	-68.34	33.340546875	22.56263753629856	1277.7741564119221	868.8978706566241	196436	32.8125
002858	178.79	-3.48	5.59	0.06	0.02	-0.99	82.82	8.61	-68.41	33.346796875	22.547139904038033	1277.752329946842	868.9001854818591	196553	32.8125
002858	178.8	-3.48	5.58	0.06	0.02	-0.99	82.64	8.88	-68.46	33.34875	22.568528578104605	1277.5306164621777	868.9236997863451	196553	32.8125
002858	178.8	-3.48	5.58	0.06	0.02	-0.99	82.5	9.09	-68.5	33.350703125	22.552727447320194	1277.8278912917094	868.8921717772671	196202	32.875
002858	178.79	-3.49	5.59	0.06	0.02	-0.99	82.39	9.26	-68.4	33.353828125	22.55826029199057	1277.9791677424969	868.8761282406962	196553	32.875
002858	178.79	-3.48	5.61	0.06	0.02	-0.98	82.44	9.4	-68.73	33.3544140625	22.558301568011554	1277.971039733556	868.87699024589	196202	32.875
002858	178.79	-3.48	5.61	0.06	0.02	-0.99	82.48	9.51	-68.99	33.3575390625	22.56914796756451	1277.6681896569041	868.9091091021339	196085	32.875
002858	178.78	-3.49	5.61	0.06	0.02	-0.99	82.23	9.31	-68.65	33.36203125	22.55883817606758	1277.9302522804817	868.8813159155136	196202	32.875
002859	178.78	-3.49	5.61	0.06	0.02	-0.99	82.03	9.15	-68.38	33.3626171875	22.57481938141487	1277.8572480821788	868.8890583410606	195852	32.8125
002859	178.78	-3.49	5.61	0.06	0.02	-0.99	82.01	9.03	-68.3	33.364375	22.574943296293007	1277.8977405554594	868.8847639241566	196085	32.8125
002859	178.78	-3.48	5.62	0.06	0.02	-0.98	82.0	8.92	-68.1	33.36515625	22.564371465808215	1278.0166571177822	868.8721523637512	195968	32.875
002859	178.78	-3.48	5.61	0.06	0.02	-0.99	81.98	8.84	-67.94	33.3657421875	22.56972610854263	1277.6841477114378	868.9074166418526	195852	32.875
002859	178.78	-3.48	5.6	0.06	0.02	-0.99	81.98	9.06	-68.09	33.364375	22.559003293630077	1277.7679883885423	868.8985248113427	196085	32.875
002859	178.77	-3.49	5.59	0.06	0.02	-0.99	82.25	8.67	-68.2	33.3626171875	22.558879455132118	1277.7923722219946	868.8959387664513	195619	32.875
002859	178.77	-3.49	5.58	0.06	0.02	-0.99	82.47	8.36	-68.3	33.3676953125	22.56455038512581	1277.5921794929757	868.9171705339203	195968	32.875
002859	178.77	-3.48	5.57	0.06	0.02	-0.99	82.22	8.67	-68.51	33.363203125	22.564233838342172	1277.7193688051611	868.9036812146234	195968	32.875
002900	178.76	-3.5	5.57	0.06	0.02	-0.98	82.17	8.64	-68.27	33.366328125	22.56976740595784	1277.7408952879025	868.9013981968124	195736	32.875
002900	178.76	-3.5	5.56	0.06	0.02	-0.99	82.12	8.62	-68.07	33.3700390625	22.575342590883658	1277.494793060565	868.927499163251	195619	32.875
002900	178.77	-3.49	5.56	0.06	0.02	-0.99	82.08	8.74	-68.06	33.37140625	22.559498667186695	1277.7353294372056	868.9019884895417	195156	32.875
002900	178.78	-3.49	5.55	0.06	0.02	-0.99	82.06	8.56	-68.18	33.372578125	22.57552159160826	1277.719073694595	868.9037125129739	195271	32.875
002900	178.78	-3.49	5.54	0.06	0.02	-0.99	82.03	8.41	-68.28	33.372578125	22.580835471282366	1277.7839500864914	868.8968319813497	195271	32.875
002900	178.76	-3.48	5.53	0.06	0.02	-0.98	81.87	8.71	-68.36	33.376484375	22.57048326237444	1277.6648880162716	868.909459263925	195271	32.875
002900	178.76	-3.48	5.53	0.06	0.02	-0.99	81.74	8.96	-68.42	33.3844921875	22.58167562488258	1277.4240561044323	868.9350014595325	195040	32.875
002900	178.76	-3.48	5.52	0.06	0.02	-0.99	82.07	9.16	-68.2	33.3876171875	22.571268026197615	1277.8348468876275	868.8914341003004	195156	32.875
002901	178.77	-3.48	5.52	0.06	0.02	-0.99	82.04	9.03	-68.02	33.37765625	22.5811935585404	1277.973018647894	868.8767803746942	195156	32.875
002901	178.77	-3.48	5.52	0.06	0.02	-0.99	82.02	8.93	-67.87	33.3876171875	22.576581910406453	1277.3807079525857	868.9395989504274	194694	32.875
002901	178.77	-3.48	5.52	0.06	0.02	-0.99	82.43	8.85	-68.17	33.38703125	22.57654059660205	1277.713218635647	868.9043334793672	195040	32.875
002901	178.77	-3.49	5.53	0.06	0.02	-0.99	82.19	8.92	-68.54	33.3833203125	22.581592982835375	1277.69981702963	868.9057548066224	194925	32.9375
002901	178.77	-3.49	5.53	0.06	0.02	-0.99	82.0	8.99	-68.84	33.38390625	22.58694856083002	1277.8214443469901	868.8928555095923	194809	32.9375
002901	178.77	-3.5	5.52	0.06	0.02	-0.99	82.13	9.03	-68.95	33.3864453125	22.587127657421927	1277.7213463701387	868.9034714813155	194925	32.9375
002901	178.77	-3.5	5.52	0.06	0.02	-0.99	82.23	9.07	-69.03	33.3844921875	22.58167562488258	1278.0079522502926	868.8730755435181	194579	32.9375
002901	178.77	-3.49	5.53	0.06	0.02	-0.99	82.17	9.25	-69.1	33.38078125	22.576099929554346	1277.6052840017908	868.9157807009448	194809	32.9375
002902	178.78	-3.49	5.52	0.06	0.02	-0.99	81.98	9.24	-68.6	33.3739453125	22.575617978305527	1277.3757326358489	868.9401266321634	194579	32.9375
002902	178.77	-3.48	5.53	0.06	0.02	-0.98	81.83	9.24	-68.2	33.376484375	22.586425071140845	1277.4702610862826	868.9301009958614	194809	32.875
002902	178.77	-3.49	5.53	0.06	0.02	-0.98	82.0	9.38	-68.3	33.37453125	22.59160165109663	1277.821734065864	868.8928247833762	195040	32.875
002902	178.77	-3.49	5.54	0.06	0.02	-0.99	81.84	9.21	-68.51	33.37140625	22.580752838081757	1277.6704534608907	868.9088690101535	194579	32.875
002902	178.77	-3.49	5.54	0.06	0.02	-0.99	81.72	9.07	-68.68	33.3708203125	22.58071152180777	1277.7434573152805	868.901126478146	194464	32.9375
002902	178.76	-3.49	5.54	0.06	0.02	-0.99	81.76	8.96	-68.54	33.3708203125	22.58071152180777	1277.8732104527112	868.8873654546697	194925	32.9375
002902	178.76	-3.49	5.54	0.06	0.02	-0.99	81.8	8.87	-68.43	33.3719921875	22.580794154573287	1277.467700027912	868.930372619092	194579	32.875
002902	178.75	-3.49	5.53	0.06	0.02	-0.99	82.25	8.66	-68.2	33.3669140625	22.585750096493847	1277.8625196014955	868.8884992707142	194579	32.875
002903	178.75	-3.48	5.52	0.06	0.02	-0.99	82.05	8.78	-68.43	33.3637890625	22.580215743488978	1277.8409922041844	868.8907823580781	194464	32.875
002903	178.75	-3.48	5.52	0.06	0.02	-0.99	81.88	8.87	-68.62	33.36515625	22.569684811344896	1277.951780023753	868.8790328115995	194120	32.875
002903	178.74	-3.48	5.53	0.06	0.02	-0.99	82.18	8.94	-68.49	33.3739453125	22.575617978305527	1277.829861904379	868.8919627835368	194349	32.875
002903	178.74	-3.48	5.54	0.06	0.02	-0.99	82.13	9.28	-68.67	33.372578125	22.580835471282366	1277.52444691945	868.9243541179485	194120	32.875
002903	178.74	-3.48	5.55	0.06	0.02	-0.99	82.09	9.56	-68.8	33.3731640625	22.586190889687302	1277.7109458300595	868.904574525011	194006	32.875
002903	178.74	-3.47	5.55	0.06	0.02	-0.98	82.06	9.63	-69.05	33.376484375	22.57048326237444	1277.7297644597809	868.90257868998	193892	32.875
002903	178.74	-3.47	5.56	0.06	0.02	-0.99	82.04	9.7	-69.25	33.376484375	22.58111092156903	1277.6648880162716	868.909459263925	193550	32.875
002903	178.73	-3.48	5.56	0.06	0.02	-0.99	82.16	9.32	-68.72	33.372578125	22.57552159160826	1277.7839500864914	868.8968319813497	193892	32.875
002903	178.74	-3.49	5.56	0.06	0.02	-0.99	82.26	9.3	-68.44	33.3688671875	22.564632964649434	1277.770550274793	868.8982531083718	194006	32.875
002904	178.74	-3.49	5.56	0.06	0.02	-0.99	82.34	9.29	-68.21	33.3739453125	22.575617978305527	1277.5703570647206	868.9194849726499	193664	32.875
002904	178.75	-3.49	5.57	0.06	0.02	-0.99	82.26	8.99	-68.3	33.372578125	22.56489447221182	1277.7839500864914	868.8968319813497	193892	32.875
002904	178.76	-3.49	5.56	0.06	0.02	-0.99	82.19	9.18	-68.65	33.376484375	22.575796985313563	1277.8595185470988	868.8888175471413	194006	32.875
002904	178.76	-3.49	5.57	0.06	0.02	-0.99	82.14	9.33	-68.93	33.37765625	22.559939025515867	1277.7783856699739	868.8974221194644	193778	32.875
002904	178.75	-3.49	5.58	0.06	0.02	-0.99	82.24	9.31	-68.6	33.3731640625	22.55962251546695	1277.5811942310627	868.9183356060064	193778	32.875
002904	178.75	-3.49	5.58	0.06	0.02	-0.99	82.32	9.3	-68.34	33.37765625	22.56525233879789	1277.713508810883	868.9043027044219	193436	32.875
002904	178.75	-3.49	5.57	0.06	0.02	-0.99	82.1	8.86	-68.27	33.376484375	22.549230503781395	1277.6648880162716	868.909459263925	193778	32.875
002904	178.75	-3.49	5.6	0.06	0.02	-0.99	81.93	8.93	-68.35	33.376484375	22.549230503781395	1277.4702610862826	868.9301009958614	193892	32.875
002905	178.75	-3.5	5.6	0.06	0.02	-0.99	81.79	8.99	-68.42	33.3813671875	22.554887346251736	1278.0513001588981	868.8684783634119	192983	32.875
002905	178.75	-3.49	5.59	0.06	0.02	-0.99	81.53	9.18	-68.74	33.376484375	22.549230503781395	1277.7946413033835	868.8956981177189	193436	32.875
002905	178.75	-3.49	5.6	0.06	0.02	-0.99	81.9	9.48	-68.59	33.3751171875	22.549134213908182	1278.0731175351216	868.86616457047	193436	32.875
002905	178.75	-3.48	5.61	0.06	0.02	-0.99	82.19	9.71	-68.47	33.376484375	22.543917847423998	1277.4053862431113	868.9369815765411	193096	32.875
002905	178.75	-3.49	5.62	0.06	0.02	-0.99	82.28	9.76	-68.65	33.37140625	22.54887286164434	1278.0597153202955	868.8675859117373	193209	32.875
002905	178.75	-3.49	5.64	0.06	0.02	-0.99	82.36	9.79	-68.79	33.3770703125	22.538646654857107	1277.9162683874392	868.8827989663172	192757	32.875
002905	178.75	-3.48	5.65	0.06	0.02	-0.98	82.27	9.68	-68.77	33.37453125	22.538467904371117	1277.69198083036	868.9065858872617	192870	32.875
002905	178.76	-3.47	5.67	0.06	0.02	-0.99	82.06	9.88	-69.02	33.3719921875	22.532976993315884	1277.7272015636438	868.902850501151	192757	32.875
002905	178.76	-3.47	5.68	0.06	0.02	-0.99	81.9	10.03	-69.23	33.37453125	22.522531940031072	1277.69198083036	868.9065858872617	192644	32.875
002906	178.76	-3.48	5.69	0.06	0.02	-0.99	81.9	9.87	-69.25	33.3739453125	22.527802482271376	1277.9596167248162	868.878201699082	192644	32.875
002906	178.77	-3.48	5.72	0.06	0.02	-0.99	82.05	9.89	-69.0	33.36828125	22.538027920551574	1277.7138022373942	868.9042715846583	192757	32.875
002906	178.77	-3.48	5.72	0.06	0.02	-0.99	82.17	9.9	-68.8	33.372578125	22.517082994132025	1277.6541977027966	868.9105930462817	192532	32.8125
002906	178.77	-3.48	5.73	0.06	0.02	-0.99	82.13	9.62	-68.63	33.3676953125	22.527362681848242	1277.6570546200899	868.9102900501458	192757	32.8125
002906	178.77	-3.49	5.73	0.07	0.02	-0.99	82.09	9.4	-68.5	33.3688671875	22.50619965148526	1277.770550274793	868.8982531083718	192532	32.8125
002906	178.77	-3.47	5.73	0.06	0.02	-0.99	82.2	9.37	-68.13	33.3708203125	22.511648055815453	1277.8083336839468	868.894245965566	192419	32.8125
002906	178.77	-3.47	5.74	0.06	0.02	-0.99	82.43	9.48	-68.24	33.3669140625	22.516684592953638	1277.9273963186467	868.8816188021383	192419	32.8125
002906	178.77	-3.47	5.74	0.06	0.02	-0.99	82.62	9.57	-68.32	33.3657421875	22.511290946820857	1277.943652117541	868.8798948082317	192307	32.875
002907	178.75	-3.47	5.75	0.06	0.02	-0.99	82.77	9.36	-68.39	